544
1951
1970
4847
5688
5693
5694
5696
5699
5702
5703
5704
5705
5706
5708
5710
5713
5714
5718
5720
5722
5723
5725
5728
5729
5731
5733
5734
5735
5737
5740
5741
5743
5744
5745
5747
5748
5749
5750
5751
5752
5754
5756
5762
5764
5769
5771
5772
5774
5775
5781
5783
5785
5787
5794
5796
5798
5799
5800
5803
5804
5805
5809
5810
5812
5814
5815
5818
5820
5825
5827
5829
5833
5838
5839
5841
5852
5853
5855
5856
5857
5859
5860
5861
5862
5863
5864
5865
5868
5871
5873
5875
5876
5878
5879
5880
5882
5885
5886
5894
5897
5898
5901
5903
5906
5908
5909
5910
5912
5917
5918
5920
5921
5924
5926
5930
5932
5934
5936
5938
5940
5943
5951
5955
5963
5964
5967
5971
5972
5973
5978
5981
5984
5985
5987
5988
5989
5992
5996
5997
5999
6000
6002
6005
6007
6008
6010
6011
6015
6016
6017
6021
6022
6024
6025
6027
6028
6030
6032
6033
6034
6036
6037
6039
6045
6046
6047
6048
6049
6050
6053
6056
6063
6064
6067
6068
6071
6072
6073
6074
6075
6077
6078
6081
6082
6084
6085
6086
6087
6091
6094
6096
6099
6101
6104
6105
6108
6109
6110
6115
6117
6118
6119
6122
6126
6127
6128
6129
6134
6135
6141
6143
6146
6151
6154
6155
6156
6157
6158
6159
6164
6166
6170
6171
6172
6174
6177
6181
6182
6185
6186
6192
6193
6195
6198
6200
6202
6203
6204
6205
6207
6212
6213
6215
6216
6221
6224
6225
6230
6231
6238
6243
6244
6247
6248
6249
6251
6258
6260
6261
6263
6264
6269
6274
6276
6277
6279
6281
6284
6286
6288
6290
6295
6301
6303
6306
6308
6309
6311
6315
6316
6319
6322
6324
6325
6326
6327
6328
6329
6330
6331
6332
6334
6335
6336
6337
6338
6342
6344
6346
6351
6354
6356
6357
6359
6361
6362
6370
6380
6384
6386
6387
6389
6393
6394
6397
6398
6400
6404
6405
6406
6407
6408
6409
6411
6412
6413
6415
6419
6421
6424
6428
6430
6432
6434
6435
6436
6437
6438
6443
6444
6451
6454
6456
6457
6458
6463
6471
6472
6473
6475
6477
6478
6483
6485
6489
6490
6492
6495
6499
6500
6501
6502
6503
6504
6517
6518
6522
6527
6529
6531
6533
6534
6535
6539
6546
6548
6551
6552
6553
6561
6563
6564
6565
6566
6567
6572
6573
6575
6578
6580
6582
6583
6587
6588
6592
6599
6601
6605
6607
6611
6614
6617
6620
6625
6626
6629
6632
6634
6637
6638
6639
6641
6643
6645
6646
6648
6653
6655
6656
6658
6661
6663
6664
6665
6669
6672
6673
6675
6684
6686
6687
6688
6690
6695
6697
6699
6703
6705
6710
6713
6715
6719
6720
6722
6724
6725
6728
6731
6733
6734
6739
6740
6746
6747
6749
6751
6754
6755
6759
6760
6766
6769
6771
6772
6774
6775
6777
6780
6781
6782
6783
6788
6796
6801
6803
6807
6810
6811
6812
6813
6814
6817
6819
6821
6825
6826
6827
6828
6830
6832
6836
6837
6838
6839
6841
6844
6849
6850
6851
6852
6860
6862
6863
6866
6869
6872
6874
6876
6883
6885
6886
6888
6889
6891
6892
6893
6894
6895
6896
6897
6899
6902
6903
6905
6907
6910
6917
6920
6921
6922
6928
6932
6936
6943
6946
6952
6956
6961
6962
6965
6967
6969
6971
6982
6985
6987
6988
6992
6994
6996
6998
6999
7000
7002
7003
7004
7013
7015
7017
7018
7022
7023
7024
7026
7028
7032
7034
7037
7046
7047
7048
7049
7050
7051
7052
7053
7054
7055
7058
7060
7061
7065
7074
7075
7076
7079
7086
7087
7088
7089
7090
7094
7095
7098
7099
7100
7102
7105
7106
7107
7109
7112
7117
7118
7123
7124
7125
7128
7135
7136
7139
7140
7144
7149
7150
7151
7153
7155
7156
7157
7159
7160
7162
7163
7166
7167
7168
7169
7172
7175
7177
7181
7182
7186
7187
7189
7192
7194
7195
7197
7198
7200
7201
7202
7206
7210
7213
7214
7215
7216
7217
7218
7220
7221
7226
7227
7230
7235
7238
7242
7244
7245
7246
7247
7249
7250
7253
7258
7259
7260
7266
7267
7268
7270
7271
7272
7274
7277
7279
7285
7286
7287
7290
7293
7297
7298
7300
7307
7310
7311
7312
7317
7318
7320
7323
7325
7329
7330
7331
7339
7340
7341
7345
7350
7351
7354
7357
7362
7364
7365
7371
7376
7380
7381
7382
7389
7391
7393
7396
7399
7402
7403
7406
7409
7415
7417
7425
7426
7428
7429
7436
7438
7440
7445
7446
7448
7460
7466
7469
7470
7472
7473
7474
7475
7476
7477
7480
7481
7483
7489
7491
7492
7498
7500
7503
7507
7513
7514
7517
7518
7519
7525
7526
7529
7533
7536
7539
7541
7542
7543
7554
7558
7559
7561
7563
7564
7570
7571
7576
7577
7580
7581
7583
7587
7588
7590
7594
7596
7599
7613
7615
7616
7617
7619
7620
7624
7627
7631
7632
7645
7647
7651
7652
7653
7656
7657
7659
7665
7667
7673
7675
7677
7680
7683
7684
7686
7689
7690
7691
7693
7695
7698
7700
7706
7709
7711
7717
7721
7724
7726
7728
7729
7730
7731
7734
7735
7740
7746
7748
7758
7761
7763
7764
7768
7770
7771
7773
7774
7775
7778
7780
7782
7784
7785
7786
7787
7788
7789
7792
7793
7794
7795
7798
7802
7803
7804
7813
7816
7817
7819
7820
7821
7823
7824
7826
7831
7832
7834
7838
7843
7845
7846
7847
7848
7853
7855
7860
7866
7869
7871
7874
7878
7881
7883
7884
7886
7888
7890
7891
7893
7894
7895
7896
7897
7900
7901
7903
7904
7906
7907
7908
7909
7910
7912
7913
7915
7917
7918
7921
7922
7932
7933
7936
7937
7938
7939
7940
7942
7944
7945
7950
7951
7954
7955
7957
7959
7960
7961
7971
7973
7980
7982
7984
7985
7988
7989
7996
8002
8003
8004
8005
8008
8010
8016
8020
8021
8023
8025
8027
8030
8031
8033
8036
8038
8043
8045
8047
8048
8049
8050
8052
8053
8054
8056
8057
8059
8062
8063
8066
8068
8069
8071
8072
8073
8074
8075
8076
8079
8080
8082
8083
8085
8092
8093
8095
8098
8100
8101
8103
8104
8105
8107
8109
8110
8111
8114
8117
8118
8121
8122
8123
8124
8125
8126
8130
8132
8135
8138
8139
8140
8144
8145
8149
8151
8152
8156
8157
8162
8163
8170
8173
8174
8182
8183
8186
8187
8189
8194
8195
8196
8198
8200
8204
8205
8207
8208
8210
8211
8212
8213
8215
8216
8217
8218
8221
8222
8226
8227
8228
8231
8232
8236
8237
8243
8247
8249
8252
8254
8257
8259
8260
8261
8262
8264
8266
8269
8274
8277
8278
8282
8283
8284
8285
8290
8291
8292
8296
8297
8301
8311
8315
8317
8318
8320
8321
8323
8327
8329
8332
8334
8335
8337
8344
8346
8347
8350
8351
8357
8360
8364
8366
8368
8371
8377
8378
8379
8385
8390
8396
8397
8400
8402
8403
8405
8409
8410
8411
8413
8414
8416
8418
8419
8420
8424
8425
8426
8428
8429
8430
8431
8435
8436
8437
8439
8442
8445
8448
8449
8450
8453
8454
8455
8461
8465
8466
8467
8471
8473
8475
8479
8482
8483
8484
8488
8490
8492
8499
8501
8503
8504
8507
8512
8513
8515
8517
8518
8519
8521
8527
8528
8530
8532
8533
8541
8542
8545
8547
8549
8552
8555
8562
8563
8565
8568
8574
8577
8579
8581
8583
8585
8587
8588
8589
8591
8592
8593
8597
8598
8599
8600
8603
8606
8611
8614
8615
8616
8617
8618
8620
8623
8624
8629
8630
8631
8633
8634
8635
8636
8637
8641
8644
8645
8648
8651
8652
8656
8660
8663
8664
8665
8670
8672
8674
8675
8676
8677
8678
8681
8683
8684
8691
8693
